lastAccountName: idem_id
timestamps:
  login: 1469011679365
  logout: 1469012130051
ipAddress: 31.128.104.242
logoutlocation:
  world: world
  x: 195.61880121710652
  y: 69.0
  z: 133.75170659872612
  yaw: 66.00006
  pitch: 13.499993
